-0.512 -2.047 -2.000
0.365 -2.099 -1.855
0.035 -2.132 -2.079
-0.731 -2.185 2.285
-0.466 -1.964 2.177
-0.698 -1.919 2.222
-0.889 -1.947 1.706
-0.996 -2.245 1.917
-0.853 -2.413 1.574
-0.682 -2.457 2.057
-0.435 -2.388 2.092
-0.596 2.469 -1.402
-0.393 2.425 -2.056
0.525 2.395 -2.224
0.959 2.500 -1.008
0.506 -1.263 -0.974
-0.234 0.225 -0.699
-0.415 -0.899 -0.332
-0.237 -2.181 -2.096
-0.401 -2.105 -2.077
-0.083 -2.171 -2.118
0.625 -2.229 1.584
0.254 -1.968 1.717
-0.034 -2.063 1.903
-0.453 -2.098 -0.566
-0.250 -2.236 -1.206
-0.383 -2.389 0.011
0.662 2.439 -0.693
0.576 -1.913 -1.283
-0.424 2.475 -1.021
-0.504 2.474 -1.177
0.570 -2.467 1.560
0.536 -1.456 -0.626
0.607 -1.659 -0.664
-0.157 2.466 -0.723
-0.229 -1.011 -0.109
0.730 -2.189 1.273
-0.166 -0.310 -2.130
-0.369 -0.927 -2.066
0.116 -1.001 -0.257
0.431 -1.594 -1.694
0.314 -1.952 -2.000
0.231 -1.601 0.509
0.990 2.494 -1.208
0.693 -2.272 -0.125
0.033 -1.217 0.073
0.384 -2.388 -0.011
0.507 -1.831 0.654
-0.604 -1.336 -1.652
0.504 0.609 -1.052
0.506 0.790 -0.994
0.155 1.486 -0.685
0.476 0.132 -1.566
-0.707 -2.415 0.821
-0.080 -2.456 1.637
-0.292 -1.658 1.132
-0.683 -1.335 -0.329
0.002 -2.480 0.803
0.733 2.305 -2.016
0.341 0.138 -0.888
0.342 -1.325 -0.164
-0.431 -0.004 -0.892
-0.372 -1.214 0.167
0.003 0.122 -2.062
0.764 1.445 -1.304
0.568 -1.558 -0.835
0.520 1.168 -1.882
-0.453 -0.552 -0.700
0.608 -2.456 0.571
-0.690 -1.388 -0.775
-0.552 -2.075 -1.803
0.696 -1.961 -0.499
0.827 -2.079 0.432
-0.549 -2.178 2.266
-0.710 -2.300 2.189
0.449 -2.112 -1.371
0.461 1.451 -2.006
-0.359 0.801 -1.864
0.791 -2.162 1.062
0.487 -2.241 1.689
-0.059 -2.253 2.060
-0.006 2.373 -2.241
-0.212 -0.169 -2.082
0.334 1.426 -0.724
-0.637 -1.051 -0.781
0.899 2.459 -1.804
0.461 -1.193 -1.548
0.321 0.451 -1.898
-0.871 -2.375 0.900
-0.462 -2.491 1.562
0.022 -2.402 1.947
-0.243 -1.153 -2.248
0.227 -1.810 0.981
-0.160 -1.704 1.198
0.388 0.023 -0.973
-0.832 -2.315 0.384
-0.641 -1.193 -0.469
-0.544 2.450 -1.741
-0.452 2.434 -1.954
0.677 2.423 -2.129
-0.572 -1.279 0.186
-0.132 -0.820 -0.280
-0.236 2.409 -2.152
0.529 2.431 -0.631
0.294 2.431 -0.588
-0.428 1.294 -1.156
0.965 2.467 -1.630
-0.494 -0.124 -1.612
0.483 -1.015 -1.196
0.223 -2.479 0.744
0.669 -2.019 0.956
0.804 -2.261 0.778
0.463 -1.242 -0.658
-0.261 -0.593 -0.451
0.412 1.924 -0.669
0.248 0.655 -0.767
0.384 -2.452 1.580
0.741 -2.118 -0.077
0.581 0.896 -1.085
-0.198 -2.482 0.934
0.645 -1.833 -0.685
0.221 -2.256 -0.951
-0.580 -1.650 1.042
0.242 -1.946 1.587
-0.119 -2.302 -0.801
-0.232 1.521 -2.029
0.198 -0.529 -0.653
0.395 -1.879 1.005
-0.187 0.396 -2.053
0.188 -2.393 -0.064
-0.371 2.301 -0.966
0.659 1.773 -1.909
0.522 0.986 -1.822
0.451 0.482 -1.761
-0.384 -2.439 0.648
0.452 -2.449 1.655
0.577 0.754 -1.153
-0.675 -2.367 0.447
0.414 -2.106 -1.573
-0.547 2.323 -1.647
0.006 -2.239 -1.232
0.229 -1.162 -0.208
-0.597 -0.554 -1.378
0.498 0.080 -1.368
0.376 -0.172 -1.735
-0.798 -1.676 -0.107
-0.613 -1.908 -1.422
-0.402 2.256 -1.969
-0.515 -1.602 -2.021
-0.329 2.126 -0.921
-0.712 -1.834 1.544
0.373 -0.597 -0.899
0.534 -1.954 1.034
0.115 0.200 -0.693
-0.103 1.079 -2.059
0.272 1.128 -0.735
-0.206 -0.734 -2.187
-0.534 -1.182 0.007
-0.659 -1.498 0.598
-0.582 -2.093 -1.619
0.728 -1.985 -0.308
0.822 -2.107 0.640
0.817 -2.132 0.830
-0.800 -2.371 1.976
-0.577 2.461 -1.563
-0.490 1.533 -1.580
0.281 1.440 -2.094
-0.612 -1.811 1.678
-0.640 -1.845 1.852
-0.276 1.138 -1.962
-0.580 -0.685 -1.518
0.296 -0.952 -0.545
0.214 -0.741 -0.572
-0.283 -0.744 -0.357
0.370 -2.049 1.675
0.554 2.032 -0.721
-0.004 -1.781 1.251
-0.019 0.305 -2.064
-0.651 -2.140 -0.475
-0.973 -2.194 1.356
-0.987 -2.226 1.705
0.404 0.022 -1.708
0.475 -0.839 -1.262
0.072 -2.431 0.272
0.202 -2.415 1.843
0.812 -2.050 0.207
0.850 2.017 -1.093
-0.804 -2.003 -0.249
-0.836 -2.028 -0.095
0.663 -2.236 -0.281
-0.519 -0.915 -1.767
-0.339 -2.345 -0.374
0.414 0.447 -0.950
-0.485 2.130 -1.209
0.479 -0.970 -1.350
0.319 -2.181 -1.258
-0.461 -2.156 -0.983
-0.113 -2.280 -0.967
-0.943 -2.126 0.606
0.757 -2.007 -0.137
-0.687 -2.174 -0.300
0.487 -2.127 -1.176
-0.360 -2.366 -0.187
-0.237 0.483 -0.763
0.562 -1.813 -1.259
-0.558 -2.054 -0.921
0.786 -2.400 0.715
-0.930 -2.102 0.372
0.708 -2.118 -0.221
-0.414 -2.278 -0.190
-0.645 -1.887 -1.008
-0.437 -2.171 -0.414
-0.670 -1.913 -0.842
-0.794 -1.778 1.248
-0.761 -1.718 1.086
-0.548 -2.472 1.140
-0.337 -1.895 1.812
-0.473 -2.207 -1.474
0.002 -2.340 -0.518
-0.770 -1.978 -0.412
-0.867 -2.386 1.103
-0.734 -2.219 -0.077
-0.783 -2.267 0.153
-0.151 -0.298 -0.540
-0.258 -2.266 -1.066
-0.375 -2.499 1.413
0.403 -1.705 0.484
-0.918 -2.038 1.123
0.371 -2.288 -0.535
0.088 2.125 -0.639
0.637 -1.934 -0.882
-0.094 -2.188 -1.779
-0.967 -2.179 1.191
0.883 1.974 -1.274
0.233 -2.416 0.139
-0.224 -1.898 1.705
-0.744 -1.638 -0.555
-0.142 -2.324 -0.637
-0.566 -2.474 1.739
-0.194 -0.564 -2.163
-0.914 -2.287 1.246
0.033 -0.186 -2.070
-0.537 -0.166 -1.150
-0.152 1.029 -0.759
-0.149 1.436 -0.771
0.079 -0.748 -0.436
0.301 -2.477 1.283
0.661 -1.942 -0.723
0.517 -1.347 -0.811
-0.330 -1.107 -0.000
0.142 -2.261 1.938
-0.071 -0.965 -0.176
-0.478 1.170 -1.470
0.426 -0.872 -1.626
0.118 -2.349 -0.414
0.465 -1.504 -0.120
0.295 -0.044 -1.855
-0.627 -1.070 -1.432
-0.471 0.892 -1.340
0.258 -1.061 -0.379
-0.905 -2.257 0.855
-0.448 0.843 -1.665
0.131 -0.002 -0.685
0.788 -2.206 0.240
0.807 -2.259 0.395
-0.248 1.690 -2.031
0.498 -2.139 1.630
-0.319 -1.717 1.279
0.406 -1.767 -1.783
-0.490 1.549 -1.368
-0.498 -1.768 -2.032
-0.463 0.157 -1.030
0.616 1.296 -1.793
-0.596 -1.853 -1.757
-0.837 -1.764 0.430
0.157 -0.809 -2.031
0.830 1.939 -1.663
0.414 2.117 -0.648
0.501 -2.469 1.218
-0.445 0.937 -1.194
-0.456 1.083 -1.654
-0.254 -2.479 1.549
-0.166 -1.196 0.138
0.119 -1.800 1.119
-0.010 -1.316 0.242
-0.144 1.238 -0.762
-0.544 -2.455 0.936
-0.591 -0.667 -0.996
-0.627 -1.787 -1.573
0.465 -0.462 -1.314
-0.280 -2.287 -0.880
-0.748 -1.828 -0.548
0.825 1.773 -1.547
0.267 -0.741 -1.895
-0.251 0.936 -1.980
0.743 1.688 -1.030
-0.375 1.001 -1.006
-0.282 -0.341 -2.048
0.684 -2.207 1.409
0.055 -1.511 0.559
0.466 -0.649 -1.348
0.307 -1.491 0.193
-0.459 -2.364 0.158
-0.613 -1.486 -1.677
-0.540 -2.432 0.740
-0.268 1.536 -0.868
0.364 0.977 -0.802
-0.266 -2.407 0.108
-0.515 1.961 -1.608
-0.759 -1.553 0.052
-0.827 -1.862 -0.087
0.449 -2.425 0.210
0.259 1.810 -0.653
-0.134 -0.005 -2.093
0.331 -1.082 -1.858
-0.671 -1.221 -0.866
0.377 1.862 -2.154
0.371 -0.757 -1.738
-0.113 2.209 -2.176
0.471 -1.153 -0.832
0.406 -0.479 -1.007
-0.209 -2.450 1.720
0.344 -0.848 -0.716
0.450 -0.482 -1.482
0.308 -0.652 -0.756
-0.714 -2.442 1.231
-0.488 -1.400 0.499
0.467 -0.303 -1.397
0.221 1.097 -2.055
-0.661 -1.416 -1.307
-0.005 0.092 -0.622
0.164 -0.123 -1.973
0.270 -0.210 -1.869
-0.083 -0.686 -0.392
-0.311 -2.195 -1.014
-0.225 -0.966 -2.225
-0.022 -2.007 -2.157
-0.230 -2.018 -2.161
-0.059 -1.962 1.751
-0.452 -1.086 -1.991
0.676 -2.094 -0.397
-0.645 -0.937 -1.292
-0.605 -0.877 -1.479
-0.114 -1.091 -0.013
0.115 0.575 -0.716
-0.530 2.293 -1.304
-0.696 -2.392 0.627
-0.182 0.152 -2.067
-0.397 -0.395 -1.902
-0.012 -0.388 -2.089
0.441 1.149 -0.830
-0.076 -0.895 -2.183
0.618 1.125 -1.720
0.103 -2.466 0.632
0.281 -2.161 -1.450
0.504 1.945 -2.106
0.385 1.642 -2.100
-0.360 -0.579 -0.552
-0.765 -1.929 2.041
-0.384 1.003 -1.831
-0.230 0.736 -1.994
-0.460 0.620 -1.607
0.623 1.052 -1.113
0.515 0.984 -0.944
-0.246 -2.311 2.096
-0.106 -2.398 1.993
-0.251 -2.218 -1.490
-0.347 -2.216 -1.336
0.064 1.458 -2.123
0.251 2.013 -0.630
0.192 0.950 -0.726
0.141 0.763 -0.715
0.427 -0.321 -1.599
0.503 -1.469 -1.386
-0.389 0.644 -0.982
-0.333 0.810 -0.915
-0.863 -2.399 1.338
-0.572 -1.369 -1.797
-0.365 -1.594 0.985
-0.163 -1.784 1.393
0.506 -1.338 -1.269
0.357 -2.434 1.732
0.249 -2.143 -1.632
-0.463 1.854 -1.768
-0.376 1.766 -1.912
-0.422 1.437 -1.790
-0.448 1.650 -1.773
-0.346 1.569 -1.924
0.616 2.256 -2.116
0.165 1.270 -2.094
0.021 -0.052 -2.071
0.854 2.306 -0.952
-0.317 2.473 -0.881
-0.275 1.133 -0.869
-0.277 1.340 -0.878
-0.361 -1.433 0.615
-0.483 0.550 -1.415
0.648 0.914 -1.440
0.621 1.552 -0.897
-0.189 0.810 -0.773
-0.625 -0.743 -1.334
-0.216 -1.291 0.297
-0.217 -2.227 2.143
-0.559 -2.031 -1.100
-0.284 2.235 -2.084
-0.341 2.080 -2.006
0.268 2.199 -2.237
0.334 2.376 -2.264
0.454 2.225 -2.198
0.731 2.278 -0.806
0.808 2.464 -0.829
0.665 2.122 -0.789
0.571 2.243 -0.695
0.412 2.288 -0.636
0.499 1.354 -0.837
0.057 1.901 -0.662
0.124 2.441 -0.604
0.446 -1.945 1.165
0.528 -1.904 0.873
-0.094 -1.876 1.575
-0.125 -2.122 2.002
0.099 -1.932 1.619
0.104 -2.017 1.814
-0.301 0.012 -1.972
-0.041 0.494 -2.053
0.269 0.471 -0.797
0.004 0.896 -0.708
-0.026 0.692 -0.704
0.418 -1.958 -1.702
0.620 -2.192 -0.508
0.578 -2.168 -0.715
0.693 1.275 -1.616
0.596 1.454 -1.875
0.174 0.080 -1.974
0.487 -1.149 -1.349
0.462 -1.012 -1.501
0.497 -1.204 -1.148
0.488 -1.609 -1.505
-0.371 1.227 -1.018
-0.472 0.761 -1.455
0.606 0.940 -1.644
0.510 0.636 -1.719
0.385 0.310 -1.800
0.412 -1.050 -1.681
-0.176 -1.554 0.855
-0.171 -1.632 1.033
0.519 -1.382 -1.096
0.433 0.231 -1.024
-0.775 -1.887 -0.401
-0.472 0.323 -1.146
-0.382 -2.197 2.215
-0.218 0.059 -0.653
-0.326 0.082 -0.756
0.068 1.135 -2.087
0.076 0.979 -2.070
-0.464 0.720 -1.265
-0.852 -1.868 1.065
-0.726 -1.993 -0.532
-0.618 -2.109 -0.634
0.695 1.443 -1.712
0.761 1.603 -1.627
-0.852 -2.336 0.505
-0.582 -1.941 2.200
-0.348 -1.118 -2.149
0.766 -2.397 0.918
0.116 0.241 -2.020
-0.720 -1.771 -0.710
-0.689 -1.707 -0.894
0.155 -1.706 0.824
-0.451 -0.256 -1.763
0.173 -1.482 -2.134
0.315 -1.263 -1.919
0.589 -2.457 0.789
0.955 2.311 -1.302
0.996 2.485 -1.396
-0.026 2.454 -0.651
-0.666 -1.879 2.020
0.400 2.049 -2.181
-0.900 -2.334 1.751
0.610 -1.924 -1.061
-0.710 -2.432 1.022
0.090 -1.737 0.984
-0.878 -2.061 0.110
0.361 -2.201 -1.056
-0.216 -0.473 -0.490
-0.400 -1.834 1.649
-0.319 -0.543 -2.037
-0.383 -1.941 1.969
0.645 -2.071 -0.568
-0.207 -2.496 1.140
-0.557 -2.044 -1.289
-0.625 -1.721 1.208
-0.667 -1.782 1.378
0.149 -1.622 0.659
-0.570 -1.205 -1.727
0.348 -1.813 0.831
0.296 -1.717 0.658
0.791 -2.392 0.468
-0.168 0.320 -0.702
-0.241 -2.444 0.530
-0.909 -2.272 1.052
-0.907 -1.983 0.729
-0.911 -2.008 0.932
-0.960 -2.163 1.017
-0.920 -2.300 1.435
-0.787 -1.723 0.799
-0.518 -1.062 -1.822
0.331 -1.773 -1.946
0.639 -2.440 1.380
-0.314 -2.321 -0.583
-0.878 -1.937 1.262
-0.364 -2.457 1.727
-0.250 -2.425 1.872
0.113 -2.478 1.358
0.385 -2.484 0.870
-0.501 -2.390 0.365
-0.067 -2.482 1.447
-0.222 -2.500 1.339
-0.376 -2.479 1.040
-0.289 0.645 -0.830
0.198 -1.298 -2.081
0.046 -2.312 -0.691
0.356 -2.130 1.725
0.557 2.087 -2.106
-0.283 -2.392 2.052
-0.710 -2.196 -0.189
-0.591 -2.244 -0.112
0.399 -1.235 -1.735
-0.494 -1.740 1.331
-0.847 -1.821 0.658
-0.902 -1.952 0.519
-0.537 -1.898 -1.934
-0.802 -1.762 0.947
-0.619 -2.293 0.061
-0.493 -2.310 -0.012
-0.039 -2.222 -1.415
0.563 -1.697 -1.139
-0.629 -1.845 -1.214
-0.288 -0.746 -2.110
-0.414 -1.914 -2.097
-0.394 -2.420 0.482
-0.305 0.339 -0.802
0.694 1.264 -1.165
-0.635 -2.470 1.911
0.111 0.383 -0.707
-0.180 -0.437 -2.146
-0.472 0.968 -1.483
-0.046 -0.576 -2.122
-0.083 0.865 -2.057
0.143 -2.209 -1.339
0.201 -1.260 -0.033
-0.059 2.056 -0.692
0.053 -0.412 -0.578
-0.397 -0.746 -1.968
-0.951 -2.144 0.806
0.479 -1.074 -1.011
0.322 -2.254 1.813
-0.017 1.262 -2.094
0.549 1.689 -0.791
0.460 1.557 -0.760
-0.872 -2.361 0.695
0.532 -2.147 -0.946
-0.461 -0.916 -1.906
0.815 2.449 -1.963
-0.325 -0.239 -0.676
-0.210 -0.089 -0.634
0.064 -0.600 -0.513
0.393 0.852 -1.913
-0.024 0.272 -0.650
-0.472 0.503 -1.230
-0.979 -2.208 1.505
0.800 1.610 -1.427
-0.442 -1.271 -2.075
0.016 -0.845 -0.316
0.429 1.737 -0.707
0.297 1.612 -0.684
-0.132 0.114 -0.651
-0.874 -2.218 2.086
-0.410 0.321 -1.778
-0.664 -1.216 -0.672
0.016 1.355 -0.701
-0.022 1.547 -0.703
-0.729 -1.658 0.929
0.198 1.298 -0.700
-0.117 -2.410 0.036
-0.577 -1.542 -1.847
-0.303 -1.319 -2.229
-0.108 -1.862 -2.226
0.071 -1.840 -2.181
-0.373 -1.003 -0.164
-0.514 -1.110 -0.096
0.567 0.585 -1.237
0.387 0.660 -0.881
0.421 0.843 -0.873
0.085 -2.458 1.550
-0.929 -2.297 1.594
0.731 -2.317 0.076
0.596 -1.676 -0.154
0.416 -2.479 0.660
0.090 -2.451 0.467
-0.463 1.239 -1.300
-0.468 1.058 -1.323
-0.294 -2.302 -0.756
-0.021 -2.364 -0.338
-0.654 -1.006 -1.103
-0.483 -0.445 -1.731
-0.438 -0.587 -1.860
-0.574 -1.021 -1.634
-0.693 -1.957 -0.684
0.434 -2.462 0.448
-0.167 0.624 -0.734
-0.063 0.481 -0.688
0.214 -1.914 1.455
0.132 -1.664 -2.169
-0.705 -1.410 -0.557
0.325 -1.409 0.019
0.529 -1.513 -1.207
0.668 1.957 -0.834
0.610 0.742 -1.341
0.458 -2.234 -0.653
0.681 -1.978 0.752
0.575 -1.806 0.426
-0.385 1.463 -1.053
-0.769 -1.721 -0.400
0.345 -0.595 -1.768
0.227 -0.533 -1.919
-0.730 -2.443 1.415
-0.663 -2.461 1.565
-0.291 1.361 -1.956
-0.169 1.247 -2.045
0.549 1.849 -0.760
-0.552 -0.307 -1.108
0.878 1.950 -1.468
0.355 -1.233 -0.341
-0.533 2.091 -1.421
-0.431 -1.469 -2.137
-0.418 2.161 -1.057
-0.741 -1.536 -0.378
0.764 1.889 -0.978
0.453 -1.322 -0.482
-0.381 -2.496 1.240
-0.779 -2.062 2.146
-0.715 -2.052 2.254
-0.128 1.403 -2.073
0.006 -1.574 0.746
-0.156 1.598 -0.771
0.168 -0.887 -0.413
-0.465 -2.184 -1.186
-0.584 -0.428 -1.238
-0.559 -0.255 -1.272
0.710 2.127 -1.969
0.575 0.571 -1.424
0.079 -2.168 -1.702
-0.016 -1.646 0.922
-0.288 1.889 -2.027
-0.104 1.591 -2.102
-0.504 -0.022 -1.100
0.787 -2.029 0.038
0.443 -2.470 1.414
0.258 -2.459 1.472
-0.653 -1.074 -0.948
0.326 -0.378 -1.795
-0.624 -1.268 -0.137
0.554 -2.117 1.462
-0.857 -1.858 0.855
-0.248 -2.195 -1.685
-0.441 0.632 -1.130
0.090 0.797 -2.053
-0.274 0.958 -0.854
-0.727 -1.568 0.421
-0.791 -1.641 0.241
0.217 0.299 -0.759
-0.567 -1.722 -1.888
0.678 1.097 -1.526
-0.447 -1.674 1.164
0.722 -2.407 1.154
-0.386 -0.735 -0.470
0.058 1.128 -0.704
0.783 -2.275 0.988
-0.699 -1.596 0.789
0.014 -0.769 -2.123
0.224 -2.439 1.652
0.097 -0.496 -2.033
-0.537 -1.905 2.008
0.592 -1.734 -0.959
0.550 -1.551 -1.031
0.392 -2.007 1.494
-0.502 -0.173 -1.001
0.825 2.111 -1.777
-0.505 -0.880 -0.515
0.089 -0.958 -2.115
-0.890 -2.216 0.469
0.424 0.186 -1.710
-0.587 -1.154 -0.278
-0.058 -2.460 0.595
-0.210 -2.464 0.728
0.332 -1.588 0.344
-0.419 1.678 -1.101
-0.486 -1.005 -0.241
0.825 1.828 -1.153
0.199 1.988 -2.207
0.242 0.153 -0.777
0.782 2.103 -0.922
0.371 1.252 -2.016
0.362 -1.601 -1.879
-0.512 -0.342 -0.937
-0.371 0.189 -0.848
0.649 -1.770 -0.351
0.550 -1.568 -0.311
-0.837 -1.939 1.847
0.486 -1.310 -1.428
0.424 -0.136 -1.069
0.475 -0.122 -1.281
-0.849 -1.801 0.236
0.759 1.769 -1.737
-0.198 2.094 -0.782
-0.484 -1.871 1.828
0.126 -0.654 -2.027
0.503 0.246 -1.238
0.522 -2.327 -0.160
0.571 -2.360 0.027
0.538 0.424 -1.482
-0.581 -2.198 -0.279
-0.353 0.487 -0.890
-0.414 -2.140 -1.789
0.279 -1.872 1.143
-0.656 -1.365 0.030
0.255 0.732 -1.987
0.430 -1.546 0.074
-0.681 -1.452 0.232
-0.520 -0.311 -1.590
0.617 -2.052 1.165
-0.568 -0.370 -1.415
-0.659 -1.126 -1.250
-0.518 -0.631 -1.692
-0.909 -2.086 0.266
-0.871 -2.175 0.292
-0.833 -1.847 1.434
-0.608 -0.612 -1.191
0.632 0.905 -1.237
0.383 -1.421 -1.802
0.060 -2.286 -0.866
0.908 2.153 -1.203
-0.330 -0.418 -0.614
-0.472 0.392 -1.581
-0.261 -1.530 -2.259
-0.644 -1.716 -1.393
-0.436 -0.199 -0.829
-0.583 -2.076 -0.804
0.521 -2.002 -1.308
-0.550 -0.815 -1.652
-0.024 -2.392 -0.126
0.374 -1.140 -0.514
0.929 2.322 -1.119
0.872 2.178 -1.054
-0.555 2.299 -1.495
-0.679 -1.557 -1.024
-0.733 -1.478 -0.163
0.618 -2.115 1.327
0.042 -2.414 0.076
-0.354 -0.201 -1.933
-0.442 -2.430 1.923
0.060 -2.433 1.741
-0.543 -1.572 0.872
0.636 1.365 -0.984
0.285 -0.000 -0.823
0.339 -0.143 -0.898
-0.288 1.943 -0.880
-0.361 1.807 -0.991
0.464 0.054 -1.155
-0.469 1.301 -1.625
-0.457 1.567 -1.209
-0.397 1.220 -1.814
-0.716 -1.573 -0.729
-0.137 1.910 -0.751
0.150 -1.461 0.349
-0.068 -0.077 -0.587
0.680 1.081 -1.311
0.682 1.606 -1.810
0.227 -0.164 -0.756
0.200 -0.340 -0.704
0.560 1.616 -1.968
-0.283 -1.372 0.466
-0.224 -2.392 -0.072
-0.093 -1.409 -2.285
-0.651 -1.548 -1.392
0.229 -2.097 -1.957
-0.694 -1.522 -0.875
0.330 0.138 -1.837
0.345 -2.487 1.080
0.636 -1.767 0.025
-0.068 1.729 -0.718
0.147 -1.978 -2.089
0.689 -1.848 -0.158
0.150 0.421 -2.009
0.252 0.274 -1.931
-0.165 -1.463 0.639
0.251 0.573 -1.968
-0.932 -2.075 1.272
-0.239 1.739 -0.837
0.531 -1.630 -0.007
-0.342 1.644 -0.965
-0.758 -1.880 1.699
0.517 -1.471 -0.444
-0.417 0.509 -1.761
-0.599 -1.967 -1.606
0.591 -1.612 -0.490
-0.342 0.615 -1.890
0.641 -1.766 -0.538
0.531 -1.420 -0.949
-0.491 1.944 -1.261
-0.533 2.161 -1.627
-0.915 -2.030 1.431
-0.326 -2.147 -1.960
-0.315 0.241 -1.937
-0.323 0.437 -1.910
-0.773 -1.641 -0.261
-0.796 -1.798 -0.252
-0.864 -1.930 0.117
0.478 -1.689 0.307
0.114 1.679 -0.663
0.614 -1.743 -0.805
-0.519 -1.491 0.693
-0.542 -1.792 1.505
0.586 0.731 -1.566
0.496 -2.268 -0.441
-0.684 -1.385 -0.956
-0.668 -1.282 -1.227
0.616 -2.431 0.356
0.518 0.797 -1.762
-0.493 0.346 -1.352
0.630 -2.386 0.186
-0.630 -0.807 -1.140
0.847 1.790 -1.348
0.394 0.645 -1.868
0.348 -0.906 -1.797
-0.539 -0.187 -1.437
-0.473 0.060 -1.632
-0.124 -2.252 -1.137
0.449 -0.335 -1.168
0.796 1.637 -1.222
0.076 2.191 -2.229
0.132 2.371 -2.260
0.520 -1.665 0.141
-0.196 -1.708 -2.257
0.402 -0.490 -1.647
0.922 2.129 -1.389
0.458 -0.098 -1.525
0.768 -2.361 0.272
-0.613 -1.665 -1.715
0.392 -0.759 -0.886
0.257 -2.443 0.348
0.425 -0.955 -0.864
0.498 -2.022 1.323
-0.353 -1.504 0.780
0.029 -1.530 -2.241
-0.112 -1.577 -2.282
-0.020 -1.700 -2.249
0.549 -2.020 -1.113
-0.637 -1.407 -1.500
0.591 -2.021 -0.906
0.164 -0.330 -1.970
0.947 2.296 -1.500
-0.506 -2.076 -0.744
-0.416 0.677 -1.762
0.044 -2.148 1.919
-0.426 -0.062 -1.789
0.381 -0.302 -0.962
0.455 -0.857 -1.059
0.597 -2.348 1.572
-0.410 0.330 -0.955
-0.483 -0.767 -1.810
0.058 -2.149 -1.880
0.315 -0.451 -0.825
0.145 -2.490 1.158
-0.169 -2.347 -0.454
0.555 -2.463 1.004
0.454 -1.404 -1.586
0.184 -2.321 -0.554
-0.676 -1.409 -1.133
0.450 -0.547 -1.172
0.384 -2.102 -1.748
-0.476 -0.720 -0.620
-0.571 -0.878 -0.702
0.397 -1.047 -0.688
-0.254 -0.904 -0.230
-0.646 -2.337 0.259
0.624 1.940 -2.003
-0.570 -0.479 -1.057
-0.517 -1.234 -1.899
0.335 -1.929 1.312
-0.417 0.795 -1.081
-0.516 1.861 -1.440
0.333 -2.360 -0.207
-0.205 -1.989 1.892
0.261 2.215 -0.617
-0.361 -1.778 1.452
-0.022 -1.712 1.085
-0.662 -1.602 -1.219
-0.802 -2.413 1.735
-0.665 -1.720 -1.072
-0.537 -0.081 -1.278
0.611 -1.788 0.228
0.108 2.318 -0.618
-0.636 -1.601 -1.542
-0.905 -2.241 0.656
-0.609 -1.373 0.363
0.720 -1.907 0.134
-0.389 -2.142 -0.769
0.372 -1.909 -1.858
-0.043 -2.496 1.247
0.325 0.289 -0.862
0.173 -1.356 0.145
-0.484 1.367 -1.433
0.461 -0.835 -1.445
-0.288 -2.068 2.084
0.071 -1.110 -0.093
-0.672 -1.214 -1.068
-0.621 -0.882 -0.922
-0.920 -2.082 1.795
-0.458 -2.130 -0.798
-0.613 -1.214 -1.554
0.070 1.848 -2.179
0.483 -1.945 -1.487
0.451 -1.401 -0.310
0.261 -1.626 -2.038
0.467 -1.775 -1.604
-0.397 -1.693 -2.168
-0.219 0.538 -2.006
-0.441 -0.377 -0.766
-0.408 0.132 -1.798
-0.433 2.117 -1.896
-0.458 1.414 -1.252
-0.245 -2.181 -1.836
0.530 -1.646 -1.321
-0.558 -2.075 -1.459
-0.764 -1.660 0.616
-0.455 0.219 -1.653
-0.470 -2.199 -1.355
0.657 1.767 -0.872
0.113 0.615 -2.037
-0.507 0.131 -1.261
-0.247 2.284 -0.819
0.539 -1.874 -1.409
0.811 -2.250 0.572
-0.552 -2.325 2.151
0.204 -2.130 1.821
0.519 -1.776 -1.432
0.527 1.793 -2.051
-0.555 -2.481 1.367
-0.336 -0.064 -0.732
0.427 -0.656 -1.031
-0.558 -2.422 2.075
0.458 -0.709 -1.173
-0.891 -1.936 0.323
-0.072 -1.395 0.427
0.414 -1.595 0.213
0.039 -2.260 -1.050
0.820 2.287 -1.875
0.898 2.287 -1.697
0.893 2.115 -1.585
0.146 -2.369 -0.257
-0.647 -1.251 -1.378
0.180 -2.490 0.948
0.275 -2.337 -0.390
-0.505 1.686 -1.456
-0.429 0.485 -1.056
-0.021 -2.494 1.039
0.696 -1.944 0.541
-0.099 -0.508 -0.490
-0.079 2.255 -0.692
0.717 -1.921 0.329
0.303 0.806 -0.781
0.536 0.528 -1.598
0.406 -2.220 -0.845
-0.497 1.756 -1.606
-0.094 -2.428 1.818
0.053 -1.352 -2.210
0.385 1.044 -1.962
-0.069 0.674 -2.054
0.163 -1.857 1.285
-0.125 -1.260 -2.267
-0.861 -1.897 1.570
0.242 0.916 -2.020
0.522 1.322 -1.921
0.295 -1.444 -1.984
0.730 1.262 -1.403
0.429 -0.669 -1.581
-0.350 -2.168 -0.891
0.760 -2.166 0.060
0.544 0.420 -1.323
-0.296 -2.419 0.320
-0.483 1.733 -1.281
-0.440 1.840 -1.137
-0.413 1.993 -1.065
-0.129 -2.176 -1.965
0.488 0.333 -1.624
0.107 -2.188 -1.524
-0.550 -0.498 -1.558
-0.926 -2.065 1.619
0.037 -1.852 1.430
-0.495 2.253 -1.807
-0.168 -2.236 -1.303
-0.405 1.957 -1.903
-0.248 -1.830 1.555
0.227 -2.125 -1.796
-0.482 2.049 -1.771
-0.527 -0.520 -0.874
-0.458 2.304 -1.123
-0.376 -2.459 0.841
-0.864 -2.078 1.973
0.182 -2.230 -1.149
-0.827 -1.740 0.074
0.580 1.191 -0.968
0.753 1.436 -1.517
-0.075 -2.203 -1.600
-0.547 -0.702 -0.800
0.725 1.486 -1.090
-0.599 -1.040 -0.589
-0.398 -2.184 -1.613
0.507 0.422 -1.135
0.219 -1.113 -2.024
0.722 -1.909 -0.020
0.518 0.272 -1.433
-0.544 -1.026 -0.401
-0.274 -1.846 -2.204
-0.110 -2.425 0.202
-0.432 1.128 -1.164
-0.090 -2.442 0.398
0.255 -2.467 0.549
0.741 -2.273 1.168
0.065 -1.166 -2.161
0.244 -0.934 -1.959
-0.520 -1.413 -1.968
0.071 -0.215 -0.633
0.356 1.269 -0.753
0.217 -1.806 -2.079
0.297 -0.279 -0.825
-0.013 2.013 -2.181
0.257 -2.282 -0.734
0.203 1.592 -2.139
-0.515 0.001 -1.451
-0.494 0.192 -1.487
0.221 1.763 -2.175
-0.195 2.039 -2.110
-0.106 1.817 -2.123
0.058 1.676 -2.142
-0.425 -1.310 0.326
0.740 1.940 -1.845
-0.532 -2.408 0.550
-0.189 -2.371 -0.260
-0.385 -2.217 -0.543
-0.083 -1.061 -2.209
0.685 -2.312 1.327
0.454 -2.313 -0.320
